-0.0002615320886328078
0.0424739798
0.00798880916
-0.0696849995
0.0339116241
0.326085500
0.919731818
0.0411354464
0.00862534576
-0.00216058691
-0.0181497508
0.00311465674
0.0258132266
0.000896885310
-0.00661226688
-0.0588259484
-0.00393096154
0.001.51068072
0.0511247877
-0.00393096154
0.0511247877
0.00145718031
-0.0153878893
0.0000000000000000555111512
-0.000302223384
-0.00278251986
0.000327703649
-0.0163005298
0.00852044454
-0.00517768742
0.00165983334
0.00527847699
0.0195444364
-0.00250028709
0.0106207601
-0.00273581237
-0.0161841099
-0.00329140699
-0.000464605369
-0.00406760039